g1=-0.463823
g2=2.075764
