b1=0.267606
b2=2.213149
