o1=-0.537007
o2=2.031205
